0011000000000000 
0011000100010000 
0011001000100000 
0011001100110000 
0011010001000000 
0011010101010000 
0011011001100000 
0011011101110000  
0000000000000000
0000000000000000
0000000000000000 
0001100000010101 
0001100100100110 
0001101000110111 
0000000000000000
0000000000000000
0000000000000000 
0100010000000000  
0100100000010000 
0100100100100000 
0100101000110000 
0100010011000000 
0100100011010000 
0100100111100000 
0100101011110000 
0000000000000000
0000000000000000
0000000000000000
0011000000000000 
0011000100010000 
0011001000100000 
0011001100110000 
0011010001000000 
0011010101010000 
0011011001100000 
0011011101110000  
0000000000000000
0000000000000000
0000000000000000 
0001100000010101 
0001100100100110 
0001101000110111 
0000000000000000
0000000000000000
0000000000000000 
0100010000000000  
0100100000010000 
0100100100100000 
0100101000110000 
0100010011000000 
0100100011010000 
0100100111100000 
0100101011110000 
0000000000000000
0000000000000000
0000000000000000
0011000000000000 
0011000100010000 
0011001000100000 
0011001100110000 
0011010001000000 
0011010101010000 
0011011001100000 
0011011101110000  
0000000000000000
0000000000000000
0000000000000000 
0001100000010101 
0001100100100110 
0001101000110111 
0000000000000000
0000000000000000
0000000000000000 
0100010000000000  
0100100000010000 
0100100100100000 
0100101000110000 
0100010011000000 
0100100011010000 
0100100111100000 
0100101011110000 
0000000000000000
0000000000000000
0000000000000000
